# Frame list with one line of data per frame:
#   FRAME_ID, RIG_ID, RIG_FROM_WORLD[QW, QX, QY, QZ, TX, TY, TZ], NUM_DATA_IDS, DATA_IDS[] as (SENSOR_TYPE, SENSOR_ID, DATA_ID)
# Number of frames: 14
1 1 0.97886082057285473 0.098918888687637083 0.058973894212795877 0.16902256420258963 -0.60057493578667143 0.25711322724367996 4.6075481015640012 1 CAMERA 1 1
2 2 0.80773593323796855 0.49633714911425186 -0.13218373862375468 0.2893778771930775 -1.3643853992837085 0.26796223261715285 3.7704336550149633 1 CAMERA 2 2
3 3 0.40762699678076342 0.83007280690731433 -0.18410477801542874 0.33305374557329009 -1.3128946008622118 -0.20511441084694484 3.8845026619950369 1 CAMERA 3 3
4 4 -0.033717045397150272 0.94072191373914438 -0.18731101657008772 0.28074904262014627 -1.0321524580972541 -0.10787627668494398 3.4332214789313009 1 CAMERA 4 4
5 5 -0.3148740244899948 0.89842382423912681 -0.16284949215696376 0.25916987410815256 -1.121987484829202 -0.2382428118673863 2.9817612995588321 1 CAMERA 5 5
6 6 -0.4605041179210253 0.85879341378925245 -0.14378146800580091 0.17244337989055109 -0.82001340732156303 0.18027113957134278 3.6184615950085139 1 CAMERA 6 6
7 7 0.59987160450624855 -0.77719276594669517 0.17145438410771738 -0.082029609516733881 -0.7677442686886734 -0.049769539036032109 3.6946519599282723 1 CAMERA 7 7
8 8 0.68876687393751901 -0.70838098603104804 0.13965627482347007 -0.065518675951590707 -0.86932416667288626 -0.2239275047565506 3.2973565468248962 1 CAMERA 8 8
11 11 0.91206722253120476 -0.38603483109391162 0.11232312572314952 0.080585396904716541 -0.59222990528528274 0.066356605572594124 4.066014486351083 1 CAMERA 11 11
12 12 0.95062866952958081 -0.27917291919804776 0.092555715753986093 0.099000269374012115 -1.1797613700406755 0.10246865968532329 5.5929461662369109 1 CAMERA 12 12
14 14 0.93362170102777109 0.18605959019280074 -0.14345386451301298 0.27046873575994068 -2.0267634491176554 0.58529257529295353 3.4906383526162754 1 CAMERA 14 14
15 15 0.81980363999566952 0.096567300907444933 -0.51271804606814309 -0.23604438879449618 0.13040465478316102 2.5400631426145912 2.4110585105292461 1 CAMERA 15 15
16 16 0.53986483665546092 0.60799825748351766 -0.49408786909186442 0.30783316042336883 -1.7343858850185432 1.4921691230820175 2.5046683504088034 1 CAMERA 16 16
17 17 -0.33086931393629998 -0.46162177595891574 0.71241434996877062 -0.41218518534080406 -0.30302809850700219 1.9214298910610876 1.5230279786033718 1 CAMERA 17 17
